NAME,BETA,MOMENTUM,SIZE,EARNYILD,RESVOL,GROWTH,BTOP,LEVERAGE,LIQUIDTY,SIZENL,ENERGY,CHEM,CONMAT,MTLMIN,MATERIAL,AERODEF,BLDPROD,CNSTENG,ELECEQP,INDCONG,MACH,TRDDIST,COMSERV,AIRLINE,MARINE,RDRLTRAN,AUTO,HOUSEDUR,LEISLUX,CONSSERV,MEDIA,RETAIL,PERSPRD,BEV,FOODPROD,HEALTH,BANKS,DVFININS,REALEST,SOFTWARE,HDWRSEMI,UTILITIE,COUNTRY,
BETA,24.416378,-3.320892,-6.422402,-0.084859,11.338906,0.817447,0.206065,-0.482895,2.720707,2.944470,-1.628003,-0.103737,-5.299019,-4.329170,-1.854729,12.601510,-5.822513,-4.692721,4.059788,4.775407,2.176066,0.307425,-0.245762,-3.555684,-10.953758,2.362140,4.202646,-2.376564,-2.201064,-2.383409,1.787605,2.428379,-4.501574,-7.569756,-9.559699,-1.949545,-4.157674,7.672446,-0.702327,3.385789,9.167096,2.396295,80.699554,
MOMENTUM,-3.320892,25.470656,5.755354,-0.338766,-2.040214,1.773554,-3.804246,-1.667603,-3.110057,-0.542788,-5.099959,-1.844556,-0.654043,-5.381639,-1.086269,-16.039539,1.294164,-0.447559,1.539870,-5.716889,-3.098594,-3.740137,1.181401,-0.304426,-14.884541,-3.906018,-2.081211,4.134569,1.864855,-0.960068,-4.825435,0.229601,10.263254,13.617771,3.495348,15.250426,0.764909,-13.028471,-2.827582,-0.797225,0.578579,-1.488122,-18.019476,
SIZE,-6.422402,5.755354,16.942193,2.260937,-8.021882,0.237857,-0.704497,0.419879,-2.208258,-2.138286,4.486481,-2.636419,4.661513,5.666875,-2.365723,-13.176521,-0.702541,3.184799,-5.323865,-5.683864,-2.900839,0.565314,-5.346159,0.405174,5.087099,0.076299,-2.183151,3.524465,-0.567937,4.085205,-9.285376,-1.539331,1.402202,10.707965,0.396022,-3.401349,0.455506,2.968550,3.921728,-7.706482,-6.560605,-3.385149,-15.770462,
EARNYILD,-0.084859,-0.338766,2.260937,7.138139,-0.670540,-0.726785,-1.356239,0.063665,-0.151988,-1.382815,3.593832,2.107742,8.958909,2.175438,-0.352859,-10.438965,5.117632,2.106625,-2.060023,-0.359420,0.959486,-0.569586,1.574043,2.796270,4.012571,-1.540726,-2.516026,3.259575,1.662051,3.307850,-1.578763,-0.700210,2.014625,5.738820,0.103325,-1.503918,-0.681456,4.658891,4.545563,-5.227221,-5.601630,-3.411470,6.350699,
RESVOL,11.338906,-2.040214,-8.021882,-0.670540,17.768773,1.119906,0.974375,-1.377607,1.116649,2.399862,-4.438030,0.581265,-10.151725,-6.401538,0.348768,7.972580,-2.344372,-4.734837,5.140248,9.853995,1.813993,1.163109,2.385356,-1.243723,-17.818388,-0.449825,3.382898,-1.452921,1.441029,-5.898562,6.661228,1.897934,0.118886,-6.478615,-3.942410,11.656848,-3.706700,-3.557502,-5.753286,7.762064,7.482384,1.048835,41.392359,
GROWTH,0.817447,1.773554,0.237857,-0.726785,1.119906,2.732838,-0.621678,-0.575213,-1.483266,0.149873,-3.042214,0.012819,-2.672741,-3.313984,0.340407,-4.221571,-0.204445,-1.787639,3.348296,-0.100170,0.587721,-1.019256,1.832395,-0.221742,-7.989967,-1.594924,1.807670,2.332058,0.908549,-0.372286,2.388005,0.012021,1.720776,3.123247,0.331465,4.041352,-0.936948,-4.489466,-2.534256,4.377197,4.395465,-0.694796,2.511592,
BTOP,0.206065,-3.804246,-0.704497,-1.356239,0.974375,-0.621678,8.091009,1.353413,0.650023,-0.412246,2.616998,-0.627765,1.812149,2.701967,0.329408,4.149970,-1.274992,2.497192,-0.113048,4.806914,0.096879,2.500227,-1.362396,-0.247431,8.275997,-0.080660,-0.842433,-3.261435,-1.416318,-0.115991,0.692914,0.311063,-5.024857,-6.852336,-0.886620,-3.073557,-3.734228,8.857086,1.021401,2.439206,-0.866414,1.591776,3.498692,
LEVERAGE,-0.482895,-1.667603,0.419879,0.063665,-1.377607,-0.575213,1.353413,2.630904,-0.235212,-0.330003,3.388643,1.274700,5.602795,5.551154,1.197932,1.390365,2.576091,2.252446,-0.861971,1.064128,0.820581,1.257019,-1.259692,-0.060746,7.142649,0.995957,0.982996,-0.629589,0.458891,1.628870,-2.370156,0.105098,-3.023972,0.868888,-0.258193,-4.360198,-1.719570,2.556718,3.131302,-4.624578,-4.023162,-0.496839,-0.607243,
LIQUIDTY,2.720707,-3.110057,-2.208258,-0.151988,1.116649,-1.483266,0.650023,-0.235212,11.730433,2.047265,3.575566,1.416299,-2.194546,3.634069,-1.777820,10.161438,-4.848256,-0.444890,1.125892,1.108610,1.215649,0.254272,-1.802764,-1.993630,3.382437,2.586586,2.175747,-5.417417,-3.822710,-6.099847,-1.133613,-2.427265,-11.888294,-14.587000,-9.781456,-7.191497,-1.437737,8.616781,-1.826411,0.957938,2.897161,2.750438,25.042027,
SIZENL,2.944470,-0.542788,-2.138286,-1.382815,2.399862,0.149873,-0.412246,-0.330003,2.047265,8.256701,-1.274017,2.472901,-2.149675,1.650576,-0.036059,12.048474,0.273145,-1.380450,0.082594,3.536035,0.904092,1.121644,-0.717974,-1.145702,-3.851118,-0.118702,-0.332736,-2.335367,-0.290173,-1.444281,2.802365,2.647045,-1.943642,-8.984184,0.953974,0.467033,-2.643774,2.769509,-2.557810,5.010674,4.030207,-0.185222,15.965687,
ENERGY,-1.628003,-5.099959,4.486481,3.593832,-4.438030,-3.042214,2.616998,3.388643,3.575566,-1.274017,96.174600,16.330484,19.877219,47.132257,-1.288062,5.527489,8.440186,4.971006,-5.596780,14.012911,1.254240,5.089721,-8.188496,-6.364811,33.074132,-0.426926,-3.207333,-13.557730,-7.528121,-5.059725,-18.152981,-12.328135,-21.537722,1.783478,-3.322066,-39.777646,-14.073964,-10.857648,-2.213862,-25.600694,-21.698251,3.844866,2.002659,
CHEM,-0.103737,-1.844556,-2.636419,2.107742,0.581265,0.012819,-0.627765,1.274700,1.416299,2.472901,16.330484,57.279612,32.337132,26.757262,21.772398,10.762688,25.707745,7.566392,20.805145,29.025641,17.064855,10.637870,11.433172,4.457134,22.292019,3.776885,26.063958,14.917052,21.729766,12.400095,1.792941,7.326636,9.774500,16.835418,24.179706,15.176948,-41.875276,-45.109676,-6.358423,-6.733515,3.082306,4.309735,-0.528478,
CONMAT,-5.299019,-0.654043,4.661513,8.958909,-10.151725,-2.672741,1.812149,5.602795,-2.194546,-2.149675,19.877219,32.337132,234.345779,44.163798,23.637665,-0.831784,99.491836,53.874431,2.817887,35.574368,25.934347,9.574717,25.884644,6.468758,35.298773,11.336544,3.082856,24.467895,11.669749,55.251648,-9.421356,9.422025,16.019534,28.846521,34.700786,-10.258805,-48.349492,-35.700508,30.005918,-26.772336,-29.193990,2.102978,-13.956956,
MTLMIN,-4.329170,-5.381639,5.666875,2.175438,-6.401538,-3.313984,2.701967,5.551154,3.634069,1.650576,47.132257,26.757262,44.163798,136.547499,11.081851,37.432163,26.904136,6.156841,4.843221,15.343773,10.489362,9.560045,-9.548058,-9.004058,30.211822,-0.049100,16.209524,-1.432847,3.907035,3.564729,-12.063819,-5.047201,-14.945083,6.692190,4.330895,-33.654930,-35.900909,-19.732327,1.188404,-22.262203,-17.080794,-1.026030,-3.628783,
MATERIAL,-1.854729,-1.086269,-2.365723,-0.352859,0.348768,0.340407,0.329408,1.197932,-1.777820,-0.036059,-1.288062,21.772398,23.637665,11.081851,70.121570,-2.959228,24.129220,3.404669,13.577622,29.271619,10.639867,9.362488,11.484030,8.684737,18.091939,9.101969,22.227341,19.136082,24.403379,21.091466,9.343181,17.260173,14.147640,21.381113,24.187422,13.798075,-31.583103,-33.834334,2.800492,-1.226341,2.647867,5.794658,-9.068564,
AERODEF,12.601510,-16.039539,-13.176521,-10.438965,7.972580,-4.221571,4.149970,1.390365,10.161438,12.048474,5.527489,10.762688,-0.831784,37.432163,-2.959228,604.516061,16.598770,14.432464,26.993709,68.787440,48.723181,6.673257,9.036109,-16.534284,3.381038,11.242218,42.355536,-12.322774,-8.531200,5.529663,3.193411,-4.614008,-28.019175,-111.748197,9.134933,-29.823858,-27.478888,-16.497320,-8.194167,22.067300,33.945684,10.043173,34.757760,
BLDPROD,-5.822513,1.294164,-0.702541,5.117632,-2.344372,-0.204445,-1.274992,2.576091,-4.848256,0.273145,8.440186,25.707745,99.491836,26.904136,24.129220,16.598770,169.978365,34.430384,16.430205,19.320068,23.135847,10.356077,26.280469,9.128452,27.580128,10.724389,18.655039,46.293210,18.403579,51.553507,-3.498128,10.852850,24.333443,35.821313,33.380505,-2.060925,-36.578193,-42.272503,16.827395,-20.929332,-14.256242,6.640764,-11.190363,
CNSTENG,-4.692721,-0.447559,3.184799,2.106625,-4.734837,-1.787639,2.497192,2.252446,-0.444890,-1.380450,4.971006,7.566392,53.874431,6.156841,3.404669,14.432464,34.430384,72.126185,8.355678,13.882430,16.988830,7.032105,20.266250,1.076452,29.413670,14.080518,1.210901,6.115153,4.928747,16.099298,-1.982465,3.442223,4.177477,-10.138061,10.558224,-11.574810,-20.392769,-18.009583,12.574993,-3.115951,-4.662456,9.458973,-11.250424,
ELECEQP,4.059788,1.539870,-5.323865,-2.060023,5.140248,3.348296,-0.113048,-0.861971,1.125892,0.082594,-5.596780,20.805145,2.817887,4.843221,13.577622,26.993709,16.430205,8.355678,100.553292,32.893143,25.836458,6.888597,12.072432,-2.484680,7.647840,3.804168,49.639309,20.535343,9.165106,0.441765,14.010487,2.009080,-6.192606,-10.086339,-6.978430,1.794782,-36.284426,-56.113388,-12.478334,16.446079,42.473889,21.075667,-7.186105,
INDCONG,4.775407,-5.716889,-5.683864,-0.359420,9.853995,-0.100170,4.806914,1.064128,1.108610,3.536035,14.012911,29.025641,35.574368,15.343773,29.271619,68.787440,19.320068,13.882430,32.893143,424.331364,21.404402,24.388078,11.016062,-5.965356,-13.526520,3.131875,43.342299,11.685678,25.125912,-7.123831,9.465695,18.466306,17.904500,17.220144,51.220962,27.611093,-57.664084,-43.831636,11.725767,-9.907067,-3.469882,15.527318,28.457186,
MACH,2.176066,-3.098594,-2.900839,0.959486,1.813993,0.587721,0.096879,0.820581,1.215649,0.904092,1.254240,17.064855,25.934347,10.489362,10.639867,48.723181,23.135847,16.988830,25.836458,21.404402,37.623206,5.451541,16.401603,4.615912,11.739960,5.659006,33.800458,19.848930,13.075407,10.655007,5.437317,2.306370,5.285676,2.104785,6.896676,0.352475,-28.900508,-31.554484,-2.619985,3.298520,9.963799,6.274770,10.044211,
TRDDIST,0.307425,-3.740137,0.565314,-0.569586,1.163109,-1.019256,2.500227,1.257019,0.254272,1.121644,5.089721,10.637870,9.574717,9.560045,9.362488,6.673257,10.356077,7.032105,6.888597,24.388078,5.451541,50.716984,2.270583,5.364365,29.149877,11.263386,13.369421,4.836083,10.370771,11.498960,3.605834,13.115370,8.619405,5.130344,11.294233,5.247284,-22.192325,-16.458986,9.072605,-5.287401,-0.248493,8.555387,-4.195384,
COMSERV,-0.245762,1.181401,-5.346159,1.574043,2.385356,1.832395,-1.362396,-1.259692,-1.802764,-0.717974,-8.188496,11.433172,25.884644,-9.548058,11.484030,9.036109,26.280469,20.266250,12.072432,11.016062,16.401603,2.270583,77.524314,10.976229,-5.657017,4.064302,6.947873,16.913977,19.295971,14.668342,20.237801,6.303671,20.451288,-7.456078,17.409373,22.826486,-27.201888,-32.598806,0.497685,20.725781,7.311998,12.996056,-6.795582,
AIRLINE,-3.555684,-0.304426,0.405174,2.796270,-1.243723,-0.221742,-0.247431,-0.060746,-1.993630,-1.145702,-6.364811,4.457134,6.468758,-9.004058,8.684737,-16.534284,9.128452,1.076452,-2.484680,-5.965356,4.615912,5.364365,10.976229,123.267042,45.045812,15.610669,7.084039,9.855557,10.204939,23.578164,8.004047,12.174146,11.757590,19.079493,15.865485,10.725270,-9.468609,-19.013197,2.158382,0.960633,-7.240421,2.761699,0.217735,
MARINE,-10.953758,-14.884541,5.087099,4.012571,-17.818388,-7.989967,8.275997,7.142649,3.382437,-3.851118,33.074132,22.292019,35.298773,30.211822,18.091939,3.381038,27.580128,29.413670,7.647840,-13.526520,11.739960,29.149877,-5.657017,45.045812,594.236299,55.372136,35.612311,12.362566,-0.931649,30.304460,-6.545406,11.844167,-22.273463,34.696801,9.790054,-63.321690,-38.776940,-20.981790,7.824485,-29.202606,-8.532241,12.122354,-22.087248,
RDRLTRAN,2.362140,-3.906018,0.076299,-1.540726,-0.449825,-1.594924,-0.080660,0.995957,2.586586,-0.118702,-0.426926,3.776885,11.336544,-0.049100,9.101969,11.242218,10.724389,14.080518,3.804168,3.131875,5.659006,11.263386,4.064302,15.610669,55.372136,56.729801,7.179424,0.100316,5.602198,14.753165,2.703347,13.589250,-0.309681,-1.041611,-0.128381,-3.401255,-14.767418,-18.037691,8.649336,-7.431839,2.647561,18.346194,2.193966,
AUTO,4.202646,-2.081211,-2.183151,-2.516026,3.382898,1.807670,-0.842433,0.982996,2.175747,-0.332736,-3.207333,26.063958,3.082856,16.209524,22.227341,42.355536,18.655039,1.210901,49.639309,43.342299,33.800458,13.369421,6.947873,7.084039,35.612311,7.179424,178.606623,48.463092,18.314830,6.487836,8.958825,10.927137,3.581399,4.946492,0.048015,-4.218144,-40.483572,-60.005333,-4.633949,-8.482129,17.674613,10.221719,11.786898,
HOUSEDUR,-2.376564,4.134569,3.524465,3.259575,-1.452921,2.332058,-3.261435,-0.629589,-5.417417,-2.335367,-13.557730,14.917052,24.467895,-1.432847,19.136082,-12.322774,46.293210,6.115153,20.535343,11.685678,19.848930,4.836083,16.913977,9.855557,12.362566,0.100316,48.463092,105.635232,25.818526,36.221905,10.793437,13.175675,30.744083,52.113207,12.851970,12.347540,-32.662026,-51.857120,4.775444,1.192067,11.742155,-0.309782,-6.710261,
LEISLUX,-2.201064,1.864855,-0.567937,1.662051,1.441029,0.908549,-1.416318,0.458891,-3.822710,-0.290173,-7.528121,21.729766,11.669749,3.907035,24.403379,-8.531200,18.403579,4.928747,9.165106,25.125912,13.075407,10.370771,19.295971,10.204939,-0.931649,5.602198,18.314830,25.818526,74.534215,19.054997,15.823297,27.047312,33.358411,27.515651,26.670083,37.014638,-32.806379,-39.047252,3.903321,2.946425,-5.601484,4.352456,-17.141721,
CONSSERV,-2.383409,-0.960068,4.085205,3.307850,-5.898562,-0.372286,-0.115991,1.628870,-6.099847,-1.444281,-5.059725,12.400095,55.251648,3.564729,21.091466,5.529663,51.553507,16.099298,0.441765,-7.123831,10.655007,11.498960,14.668342,23.578164,30.304460,14.753165,6.487836,36.221905,19.054997,201.359737,22.929310,36.748707,35.638023,67.218093,23.106354,-7.359874,-31.611295,-27.449088,23.081300,-5.379270,-12.545428,4.215060,-16.092717,
MEDIA,1.787605,-4.825435,-9.285376,-1.578763,6.661228,2.388005,0.692914,-2.370156,-1.133613,2.802365,-18.152981,1.792941,-9.421356,-12.063819,9.343181,3.193411,-3.498128,-1.982465,14.010487,9.465695,5.437317,3.605834,20.237801,8.004047,-6.545406,2.703347,8.958825,10.793437,15.823297,22.929310,110.584860,16.836708,20.749729,-19.376077,3.506128,15.772606,-21.177118,-19.632370,-2.811062,45.421180,19.239248,7.476775,-0.855063,
RETAIL,2.428379,0.229601,-1.539331,-0.700210,1.897934,0.012021,0.311063,0.105098,-2.427265,2.647045,-12.328135,7.326636,9.422025,-5.047201,17.260173,-4.614008,10.852850,3.442223,2.009080,18.466306,2.306370,13.115370,6.303671,12.174146,11.844167,13.589250,10.927137,13.175675,27.047312,36.748707,16.836708,87.877437,50.956721,30.615666,26.980108,20.832031,-29.162838,-20.602055,16.076209,0.070638,-4.768977,8.715879,6.000935,
PERSPRD,-4.501574,10.263254,1.402202,2.014625,0.118886,1.720776,-5.024857,-3.023972,-11.888294,-1.943642,-21.537722,9.774500,16.019534,-14.945083,14.147640,-28.019175,24.333443,4.177477,-6.192606,17.904500,5.285676,8.619405,20.451288,11.757590,-22.273463,-0.309681,3.581399,30.744083,33.358411,35.638023,20.749729,50.956721,166.071598,71.486482,72.932270,77.044773,-38.716876,-54.374985,2.826230,-3.401365,-15.219129,1.708917,-28.281151,
BEV,-7.569756,13.617771,10.707965,5.738820,-6.478615,3.123247,-6.852336,0.868888,-14.587000,-8.984184,1.783478,16.835418,28.846521,6.692190,21.381113,-111.748197,35.821313,-10.138061,-10.086339,17.220144,2.104785,5.130344,-7.456078,19.079493,34.696801,-1.041611,4.946492,52.113207,27.515651,67.218093,-19.376077,30.615666,71.486482,529.011054,109.915745,30.916319,-75.162872,-78.092679,5.656506,-70.226867,-54.668124,-11.475821,-7.373816,
FOODPROD,-9.559699,3.495348,0.396022,0.103325,-3.942410,0.331465,-0.886620,-0.258193,-9.781456,0.953974,-3.322066,24.179706,34.700786,4.330895,24.187422,9.134933,33.380505,10.558224,-6.978430,51.220962,6.896676,11.294233,17.409373,15.865485,9.790054,-0.128381,0.048015,12.851970,26.670083,23.106354,3.506128,26.980108,72.932270,109.915745,248.695550,31.460940,-57.306025,-65.426136,0.411598,-18.426840,-22.285945,9.821130,-38.897298,
HEALTH,-1.949545,15.250426,-3.401349,-1.503918,11.656848,4.041352,-3.073557,-4.360198,-7.191497,0.467033,-39.777646,15.176948,-10.258805,-33.654930,13.798075,-29.823858,-2.060925,-11.574810,1.794782,27.611093,0.352475,5.247284,22.826486,10.725270,-63.321690,-3.401255,-4.218144,12.347540,37.014638,-7.359874,15.772606,20.832031,77.044773,30.916319,31.460940,227.664814,-53.033271,-75.707652,-17.209734,18.527062,-5.701922,-0.906058,-28.964959,
BANKS,-4.157674,0.764909,0.455506,-0.681456,-3.706700,-0.936948,-3.734228,-1.719570,-1.437737,-2.643774,-14.073964,-41.875276,-48.349492,-35.900909,-31.583103,-27.478888,-36.578193,-20.392769,-36.284426,-57.664084,-28.900508,-22.192325,-27.201888,-9.468609,-38.776940,-14.767418,-40.483572,-32.662026,-32.806379,-31.611295,-21.177118,-29.162838,-38.716876,-75.162872,-57.306025,-53.033271,143.229529,48.148889,-4.127357,-11.905882,-18.333705,-19.571955,-21.358786,
DVFININS,7.672446,-13.028471,2.968550,4.658891,-3.557502,-4.489466,8.857086,2.556718,8.616781,2.769509,-10.857648,-45.109676,-35.700508,-19.732327,-33.834334,-16.497320,-42.272503,-18.009583,-56.113388,-43.831636,-31.554484,-16.458986,-32.598806,-19.013197,-20.981790,-18.037691,-60.005333,-51.857120,-39.047252,-27.449088,-19.632370,-20.602055,-54.374985,-78.092679,-65.426136,-75.707652,48.148889,275.551796,6.937416,-18.117508,-34.898454,-24.947046,86.722109,
REALEST,-0.702327,-2.827582,3.921728,4.545563,-5.753286,-2.534256,1.021401,3.131302,-1.826411,-2.557810,-2.213862,-6.358423,30.005918,1.188404,2.800492,-8.194167,16.827395,12.574993,-12.478334,11.725767,-2.619985,9.072605,0.497685,2.158382,7.824485,8.649336,-4.633949,4.775444,3.903321,23.081300,-2.811062,16.076209,2.826230,5.656506,0.411598,-17.209734,-4.127357,6.937416,74.572493,-17.990666,-15.664073,0.858337,-3.078030,
SOFTWARE,3.385789,-0.797225,-7.706482,-5.227221,7.762064,4.377197,2.439206,-4.624578,0.957938,5.010674,-25.600694,-6.733515,-26.772336,-22.262203,-1.226341,22.067300,-20.929332,-3.115951,16.446079,-9.907067,3.298520,-5.287401,20.725781,0.960633,-29.202606,-7.431839,-8.482129,1.192067,2.946425,-5.379270,45.421180,0.070638,-3.401365,-70.226867,-18.426840,18.527062,-11.905882,-18.117508,-17.990666,116.341617,51.518844,3.893188,-4.988416,
HDWRSEMI,9.167096,0.578579,-6.560605,-5.601630,7.482384,4.395465,-0.866414,-4.023162,2.897161,4.030207,-21.698251,3.082306,-29.193990,-17.080794,2.647867,33.945684,-14.256242,-4.662456,42.473889,-3.469882,9.963799,-0.248493,7.311998,-7.240421,-8.532241,2.647561,17.674613,11.742155,-5.601484,-12.545428,19.239248,-4.768977,-15.219129,-54.668124,-22.285945,-5.701922,-18.333705,-34.898454,-15.664073,51.518844,89.053779,8.911308,6.033480,
UTILITIE,2.396295,-1.488122,-3.385149,-3.411470,1.048835,-0.694796,1.591776,-0.496839,2.750438,-0.185222,3.844866,4.309735,2.102978,-1.026030,5.794658,10.043173,6.640764,9.458973,21.075667,15.527318,6.274770,8.555387,12.996056,2.761699,12.122354,18.346194,10.221719,-0.309782,4.352456,4.215060,7.476775,8.715879,1.708917,-11.475821,9.821130,-0.906058,-19.571955,-24.947046,0.858337,3.893188,8.911308,55.932936,-12.396546,
COUNTRY,80.699554,-18.019476,-15.770462,6.350699,41.392359,2.511592,3.498692,-0.607243,25.042027,15.965687,2.002659,-0.528478,-13.956956,-3.628783,-9.068564,34.757760,-11.190363,-11.250424,-7.186105,28.457186,10.044211,-4.195384,-6.795582,0.217735,-22.087248,2.193966,11.786898,-6.710261,-17.141721,-16.092717,-0.855063,6.000935,-28.281151,-7.373816,-38.897298,-28.964959,-21.358786,86.722109,-3.078030,-4.988416,6.033480,-12.396546,462.304716,
